1 3 4 5 6 7 8 9 10 11 12 1.54292 
2 3 4 5 6 7 8 9 10 11 12 1.62898 
1 2 4 5 6 7 8 9 10 11 12 1.62985 
1 2 3 4 5 6 7 8 9 11 12 1.65381 
1 2 3 5 6 7 8 9 10 11 12 1.67659 
1 2 3 4 5 6 7 8 9 10 11 1.69906 
1 2 3 4 5 6 7 9 10 11 12 1.73556 
1 2 3 4 5 6 7 8 10 11 12 1.76794 
1 2 3 4 5 6 8 9 10 11 12 1.78344 
1 2 3 4 5 7 8 9 10 11 12 1.793 
1 2 3 4 5 6 7 8 9 10 12 1.7972 
1 2 3 4 6 7 8 9 10 11 12 1.85282 

3 4 5 6 7 8 9 10 11 12 1.38537 
1 3 4 5 6 7 8 9 11 12 1.42049 
1 4 5 6 7 8 9 10 11 12 1.43759 
1 3 4 5 6 7 9 10 11 12 1.49299 
1 3 5 6 7 8 9 10 11 12 1.4969 
1 3 4 5 6 7 8 9 10 11 1.52485 
1 3 4 5 6 8 9 10 11 12 1.55951 
1 3 4 5 6 7 8 10 11 12 1.59503 
1 3 4 5 7 8 9 10 11 12 1.61793 
1 3 4 5 6 7 8 9 10 12 1.62867 
1 3 4 6 7 8 9 10 11 12 1.66504 

3 4 5 6 7 8 9 11 12 1.19521 
4 5 6 7 8 9 10 11 12 1.27976 
3 4 5 6 7 9 10 11 12 1.2843 
3 5 6 7 8 9 10 11 12 1.3512 
3 4 5 6 8 9 10 11 12 1.36035 
3 4 5 6 7 8 9 10 11 1.37764 
3 4 5 6 7 8 10 11 12 1.44653 
3 4 5 7 8 9 10 11 12 1.45205 
3 4 5 6 7 8 9 10 12 1.47498 
3 4 6 7 8 9 10 11 12 1.47826 

3 4 5 6 7 9 11 12 1.001 
3 4 5 6 8 9 11 12 1.10202 
4 5 6 7 8 9 11 12 1.10944 
3 5 6 7 8 9 11 12 1.16721 
3 4 5 6 7 8 9 11 1.16953 
3 4 6 7 8 9 11 12 1.22582 
3 4 5 7 8 9 11 12 1.24807 
3 4 5 6 7 8 9 12 1.28859 
3 4 5 6 7 8 11 12 1.29079 

