1 2 3 4 5 7 8 9 10 0.517319 
1 2 3 4 5 6 8 9 10 0.53159 
1 3 4 5 6 7 8 9 10 0.644743 
1 2 4 5 6 7 8 9 10 0.648165 
1 2 3 5 6 7 8 9 10 0.664139 
2 3 4 5 6 7 8 9 10 0.664884 
1 2 3 4 5 6 7 8 10 0.671793 
1 2 3 4 5 6 7 8 9 0.67241 
1 2 3 4 6 7 8 9 10 0.673716 
1 2 3 4 5 6 7 9 10 0.678269 

1 2 3 4 5 8 9 10 0.385473 
1 2 3 5 7 8 9 10 0.513396 
2 3 4 5 7 8 9 10 0.516673 
1 2 3 4 7 8 9 10 0.5223 
1 2 4 5 7 8 9 10 0.525717 
1 3 4 5 7 8 9 10 0.531267 
1 2 3 4 5 7 8 10 0.539345 
1 2 3 4 5 7 9 10 0.549663 
1 2 3 4 5 7 8 9 0.549787 

