1 2 3 4 5 7 8 9 10 11 12 13 14 15 16 0.571228 
1 2 3 4 5 6 8 9 10 11 12 13 14 15 16 0.592024 
1 2 3 4 5 6 7 8 9 10 12 13 14 15 16 0.619229 
1 2 3 4 5 6 7 8 9 10 11 13 14 15 16 0.621141 
1 2 3 4 5 6 7 8 9 10 11 12 14 15 16 0.633616 
1 2 4 5 6 7 8 9 10 11 12 13 14 15 16 0.657856 
1 3 4 5 6 7 8 9 10 11 12 13 14 15 16 0.659702 
1 2 3 4 5 6 7 8 9 10 11 12 13 14 15 0.660094 
1 2 3 5 6 7 8 9 10 11 12 13 14 15 16 0.661507 
2 3 4 5 6 7 8 9 10 11 12 13 14 15 16 0.664467 
1 2 3 4 6 7 8 9 10 11 12 13 14 15 16 0.666557 
1 2 3 4 5 6 7 8 9 11 12 13 14 15 16 0.671148 
1 2 3 4 5 6 7 8 10 11 12 13 14 15 16 0.671208 
1 2 3 4 5 6 7 8 9 10 11 12 13 14 16 0.672966 
1 2 3 4 5 6 7 9 10 11 12 13 14 15 16 0.675371 
1 2 3 4 5 6 7 8 9 10 11 12 13 15 16 0.679234 

1 2 3 4 5 8 9 10 11 12 13 14 15 16 0.509087 
1 2 3 4 5 7 8 9 10 11 13 14 15 16 0.53402 
1 2 3 4 5 7 8 9 10 12 13 14 15 16 0.536166 
1 2 3 4 5 7 8 9 10 11 12 14 15 16 0.551197 
1 2 3 5 7 8 9 10 11 12 13 14 15 16 0.567492 
2 3 4 5 7 8 9 10 11 12 13 14 15 16 0.573107 
1 2 3 4 7 8 9 10 11 12 13 14 15 16 0.574547 
1 2 4 5 7 8 9 10 11 12 13 14 15 16 0.579064 
1 2 3 4 5 7 8 9 10 11 12 13 14 15 0.580006 
1 3 4 5 7 8 9 10 11 12 13 14 15 16 0.583392 
1 2 3 4 5 7 8 10 11 12 13 14 15 16 0.58688 
1 2 3 4 5 7 8 9 11 12 13 14 15 16 0.589807 
1 2 3 4 5 7 8 9 10 11 12 13 14 16 0.591212 
1 2 3 4 5 7 9 10 11 12 13 14 15 16 0.592735 
1 2 3 4 5 7 8 9 10 11 12 13 15 16 0.594392 

1 2 3 4 5 8 9 10 12 13 14 15 16 0.463243 
1 2 3 4 5 8 9 10 11 13 14 15 16 0.463729 
1 2 3 4 5 8 9 10 11 12 14 15 16 0.480725 
1 2 4 5 8 9 10 11 12 13 14 15 16 0.5073 
1 2 3 5 8 9 10 11 12 13 14 15 16 0.509486 
1 3 4 5 8 9 10 11 12 13 14 15 16 0.510189 
1 2 3 4 5 8 9 10 11 12 13 14 15 0.511545 
2 3 4 5 8 9 10 11 12 13 14 15 16 0.515491 
1 2 3 4 8 9 10 11 12 13 14 15 16 0.515567 
1 2 3 4 5 8 10 11 12 13 14 15 16 0.522837 
1 2 3 4 5 8 9 11 12 13 14 15 16 0.522938 
1 2 3 4 5 8 9 10 11 12 13 14 16 0.524696 
1 2 3 4 5 9 10 11 12 13 14 15 16 0.529098 
1 2 3 4 5 8 9 10 11 12 13 15 16 0.531079 

1 2 3 4 5 8 9 10 13 14 15 16 0.407339 
1 2 3 4 5 8 9 10 12 14 15 16 0.431127 
1 2 4 5 8 9 10 12 13 14 15 16 0.451409 
1 3 4 5 8 9 10 12 13 14 15 16 0.452209 
1 2 3 4 5 8 9 10 12 13 14 15 0.459546 
1 2 3 5 8 9 10 12 13 14 15 16 0.464149 
2 3 4 5 8 9 10 12 13 14 15 16 0.469408 
1 2 3 4 8 9 10 12 13 14 15 16 0.470874 
1 2 3 4 5 8 9 10 12 13 14 16 0.472728 
1 2 3 4 5 8 10 12 13 14 15 16 0.475089 
1 2 3 4 5 8 9 12 13 14 15 16 0.475292 
1 2 3 4 5 9 10 12 13 14 15 16 0.479205 
1 2 3 4 5 8 9 10 12 13 15 16 0.482148 

1 2 3 4 5 8 9 10 14 15 16 0.376289 
1 2 3 4 5 8 9 10 13 14 15 0.405187 
1 2 3 4 5 8 9 10 13 15 16 0.411865 
1 2 3 4 5 8 9 10 13 14 16 0.413858 

