1 2 3 4 6 7 8 9 10 0.271503 
1 2 3 5 6 7 8 9 10 0.281182 
2 3 4 5 6 7 8 9 10 0.284088 
1 3 4 5 6 7 8 9 10 0.285673 
1 2 3 4 5 6 7 9 10 0.286174 
1 2 3 4 5 6 8 9 10 0.28731 
1 2 3 4 5 7 8 9 10 0.287445 
1 2 3 4 5 6 7 8 9 0.291517 
1 2 3 4 5 6 7 8 10 0.292052 
1 2 4 5 6 7 8 9 10 0.29335 

1 2 3 6 7 8 9 10 0.263638 
1 2 3 4 6 7 9 10 0.266862 
1 2 3 4 6 8 9 10 0.267124 
1 3 4 6 7 8 9 10 0.267509 
1 2 3 4 7 8 9 10 0.271247 
2 3 4 6 7 8 9 10 0.271423 
1 2 3 4 6 7 8 10 0.276572 
1 2 3 4 6 7 8 9 0.277667 
1 2 4 6 7 8 9 10 0.278118 

