1 2 3 4 5 7 8 9 10 11 12 13 14 15 16 17 18 0.644635 
1 2 3 4 5 6 8 9 10 11 12 13 14 15 16 17 18 0.648142 
1 2 3 4 5 6 7 8 9 10 11 12 13 14 15 16 18 0.660664 
1 2 3 4 5 6 7 8 9 10 12 13 14 15 16 17 18 0.679852 
1 2 3 4 5 6 7 8 9 10 11 12 14 15 16 17 18 0.681068 
1 2 3 4 5 6 7 8 9 10 11 12 13 14 15 17 18 0.690918 
1 2 3 4 5 6 7 8 9 10 11 13 14 15 16 17 18 0.697024 
1 2 3 4 5 6 7 8 9 10 11 12 13 14 15 16 17 0.709095 
1 3 4 5 6 7 8 9 10 11 12 13 14 15 16 17 18 0.71501 
1 2 3 5 6 7 8 9 10 11 12 13 14 15 16 17 18 0.717269 
1 2 4 5 6 7 8 9 10 11 12 13 14 15 16 17 18 0.718787 
1 2 3 4 5 6 7 8 10 11 12 13 14 15 16 17 18 0.718831 
2 3 4 5 6 7 8 9 10 11 12 13 14 15 16 17 18 0.719105 
1 2 3 4 5 6 7 8 9 11 12 13 14 15 16 17 18 0.721059 
1 2 3 4 6 7 8 9 10 11 12 13 14 15 16 17 18 0.725462 
1 2 3 4 5 6 7 8 9 10 11 12 13 15 16 17 18 0.729357 
1 2 3 4 5 6 7 9 10 11 12 13 14 15 16 17 18 0.729838 
1 2 3 4 5 6 7 8 9 10 11 12 13 14 16 17 18 0.729848 

1 2 3 4 5 8 9 10 11 12 13 14 15 16 17 18 0.586718 
1 2 3 4 5 7 8 9 10 11 12 13 14 15 16 18 0.592878 
1 2 3 4 5 7 8 9 10 11 12 14 15 16 17 18 0.617921 
1 2 3 4 5 7 8 9 10 12 13 14 15 16 17 18 0.618874 
1 2 3 4 5 7 8 9 10 11 12 13 14 15 17 18 0.630416 
1 2 3 4 5 7 8 9 10 11 13 14 15 16 17 18 0.633206 
1 2 3 4 5 7 8 9 10 11 12 13 14 15 16 17 0.641848 
1 2 3 5 7 8 9 10 11 12 13 14 15 16 17 18 0.646181 
2 3 4 5 7 8 9 10 11 12 13 14 15 16 17 18 0.650358 
1 2 3 4 7 8 9 10 11 12 13 14 15 16 17 18 0.653964 
1 2 3 4 5 7 8 10 11 12 13 14 15 16 17 18 0.655861 
1 2 3 4 5 7 8 9 11 12 13 14 15 16 17 18 0.660122 
1 3 4 5 7 8 9 10 11 12 13 14 15 16 17 18 0.663093 
1 2 4 5 7 8 9 10 11 12 13 14 15 16 17 18 0.664165 
1 2 3 4 5 7 9 10 11 12 13 14 15 16 17 18 0.667306 
1 2 3 4 5 7 8 9 10 11 12 13 14 16 17 18 0.668065 
1 2 3 4 5 7 8 9 10 11 12 13 15 16 17 18 0.668172 

1 2 3 4 5 8 9 10 11 12 13 14 15 16 18 0.532036 
1 2 3 4 5 8 9 10 12 13 14 15 16 17 18 0.55069 
1 2 3 4 5 8 9 10 11 12 14 15 16 17 18 0.552806 
1 2 3 4 5 8 9 10 11 12 13 14 15 17 18 0.561277 
1 2 3 4 5 8 9 10 11 13 14 15 16 17 18 0.571554 
1 2 3 4 5 8 9 10 11 12 13 14 15 16 17 0.583992 
1 3 4 5 8 9 10 11 12 13 14 15 16 17 18 0.590955 
1 2 3 5 8 9 10 11 12 13 14 15 16 17 18 0.593292 
1 2 4 5 8 9 10 11 12 13 14 15 16 17 18 0.59486 
1 2 3 4 5 8 10 11 12 13 14 15 16 17 18 0.595671 
2 3 4 5 8 9 10 11 12 13 14 15 16 17 18 0.597135 
1 2 3 4 5 8 9 11 12 13 14 15 16 17 18 0.599698 
1 2 3 4 8 9 10 11 12 13 14 15 16 17 18 0.602293 
1 2 3 4 5 8 9 10 11 12 13 15 16 17 18 0.60671 
1 2 3 4 5 8 9 10 11 12 13 14 16 17 18 0.60816 
1 2 3 4 5 9 10 11 12 13 14 15 16 17 18 0.610664 

1 2 3 4 5 8 9 10 12 13 14 15 16 18 0.489843 
1 2 3 4 5 8 9 10 11 12 14 15 16 18 0.498286 
1 2 3 4 5 8 9 10 11 13 14 15 16 18 0.506548 
1 2 3 4 5 8 9 10 11 12 13 14 15 16 0.508847 
1 2 3 4 5 8 9 10 11 12 13 14 15 18 0.517772 
1 3 4 5 8 9 10 11 12 13 14 15 16 18 0.531536 
1 2 4 5 8 9 10 11 12 13 14 15 16 18 0.532145 
1 2 3 5 8 9 10 11 12 13 14 15 16 18 0.534641 
2 3 4 5 8 9 10 11 12 13 14 15 16 18 0.538341 
1 2 3 4 8 9 10 11 12 13 14 15 16 18 0.542048 
1 2 3 4 5 8 10 11 12 13 14 15 16 18 0.542539 
1 2 3 4 5 8 9 11 12 13 14 15 16 18 0.545432 
1 2 3 4 5 8 9 10 11 12 13 14 16 18 0.550251 
1 2 3 4 5 8 9 10 11 12 13 15 16 18 0.551747 
1 2 3 4 5 9 10 11 12 13 14 15 16 18 0.554293 

1 2 3 4 5 8 9 10 12 14 15 16 18 0.453157 
1 2 3 4 5 8 9 10 13 14 15 16 18 0.456172 
1 2 3 4 5 8 9 10 12 13 14 15 16 0.462484 
1 2 3 4 5 8 9 10 12 13 14 15 18 0.469899 
1 3 4 5 8 9 10 12 13 14 15 16 18 0.478101 
1 2 4 5 8 9 10 12 13 14 15 16 18 0.481318 
1 2 3 5 8 9 10 12 13 14 15 16 18 0.494399 
2 3 4 5 8 9 10 12 13 14 15 16 18 0.496909 
1 2 3 4 5 8 10 12 13 14 15 16 18 0.499775 
1 2 3 4 8 9 10 12 13 14 15 16 18 0.50244 
1 2 3 4 5 8 9 12 13 14 15 16 18 0.502548 
1 2 3 4 5 8 9 10 12 13 14 16 18 0.504311 
1 2 3 4 5 8 9 10 12 13 15 16 18 0.508573 
1 2 3 4 5 9 10 12 13 14 15 16 18 0.508596 

1 2 3 4 5 8 9 10 14 15 16 18 0.422352 
1 2 3 4 5 8 9 10 12 14 15 18 0.425002 
1 2 3 4 5 8 9 10 12 14 15 16 0.430463 
1 3 4 5 8 9 10 12 14 15 16 18 0.438219 
1 2 4 5 8 9 10 12 14 15 16 18 0.441555 
1 2 3 5 8 9 10 12 14 15 16 18 0.454414 
1 2 3 4 5 8 10 12 14 15 16 18 0.455676 
2 3 4 5 8 9 10 12 14 15 16 18 0.456702 
1 2 3 4 5 8 9 12 14 15 16 18 0.461171 
1 2 3 4 8 9 10 12 14 15 16 18 0.464981 
1 2 3 4 5 8 9 10 12 14 16 18 0.466878 
1 2 3 4 5 8 9 10 12 15 16 18 0.467622 
1 2 3 4 5 9 10 12 14 15 16 18 0.471276 

1 2 3 4 5 8 9 10 14 15 16 0.376436 
1 2 3 4 5 8 9 10 14 15 18 0.396421 
1 3 4 5 8 9 10 14 15 16 18 0.40163 
1 2 4 5 8 9 10 14 15 16 18 0.405598 
1 2 3 5 8 9 10 14 15 16 18 0.420696 
2 3 4 5 8 9 10 14 15 16 18 0.421643 
1 2 3 4 5 8 10 14 15 16 18 0.42688 
1 2 3 4 8 9 10 14 15 16 18 0.427417 
1 2 3 4 5 8 9 10 15 16 18 0.43398 
1 2 3 4 5 8 9 14 15 16 18 0.436203 
1 2 3 4 5 8 9 10 14 16 18 0.439646 
1 2 3 4 5 9 10 14 15 16 18 0.440818 

1 2 4 5 8 9 10 14 15 16 0.351581 
1 3 4 5 8 9 10 14 15 16 0.352089 
1 2 3 4 5 8 9 10 14 15 0.364925 
1 2 3 5 8 9 10 14 15 16 0.367942 
2 3 4 5 8 9 10 14 15 16 0.370574 
1 2 3 4 8 9 10 14 15 16 0.37157 
1 2 3 4 5 8 10 14 15 16 0.381682 
1 2 3 4 5 8 9 10 15 16 0.385415 
1 2 3 4 5 8 9 10 14 16 0.386137 
1 2 3 4 5 9 10 14 15 16 0.387855 
1 2 3 4 5 8 9 14 15 16 0.389383 

1 4 5 8 9 10 14 15 16 0.311101 
1 2 4 5 8 9 10 14 15 0.344747 
1 2 5 8 9 10 14 15 16 0.345767 
1 2 4 8 9 10 14 15 16 0.34672 
2 4 5 8 9 10 14 15 16 0.347825 
1 2 4 5 9 10 14 15 16 0.356181 
1 2 4 5 8 10 14 15 16 0.356353 
1 2 4 5 8 9 10 14 16 0.356529 
1 2 4 5 8 9 10 15 16 0.36004 
1 2 4 5 8 9 14 15 16 0.363605 

1 4 5 8 9 10 14 15 0.299579 
1 4 5 9 10 14 15 16 0.304175 
1 4 8 9 10 14 15 16 0.306098 
1 5 8 9 10 14 15 16 0.308723 
1 4 5 8 9 10 14 16 0.310744 
1 4 5 8 10 14 15 16 0.310762 
4 5 8 9 10 14 15 16 0.311561 
1 4 5 8 9 14 15 16 0.317592 
1 4 5 8 9 10 15 16 0.31858 

