1 2 3 4 5 7 8 9 10 11 12 13 14 15 0.588246 
1 2 3 4 5 6 8 9 10 11 12 13 14 15 0.606114 
1 2 3 4 5 6 7 8 9 10 12 13 14 15 0.634481 
1 2 3 4 5 6 7 8 9 10 11 13 14 15 0.640301 
1 2 3 4 5 6 7 8 9 10 11 12 14 15 0.64365 
1 3 4 5 6 7 8 9 10 11 12 13 14 15 0.679567 
1 2 3 5 6 7 8 9 10 11 12 13 14 15 0.681172 
1 2 4 5 6 7 8 9 10 11 12 13 14 15 0.681369 
2 3 4 5 6 7 8 9 10 11 12 13 14 15 0.681925 
1 2 3 4 5 6 7 8 10 11 12 13 14 15 0.686429 
1 2 3 4 5 6 7 8 9 10 11 12 13 14 0.689133 
1 2 3 4 5 6 7 8 9 11 12 13 14 15 0.69002 
1 2 3 4 6 7 8 9 10 11 12 13 14 15 0.692099 
1 2 3 4 5 6 7 9 10 11 12 13 14 15 0.695561 
1 2 3 4 5 6 7 8 9 10 11 12 13 15 0.698615 

